inf
7.307147186145903000e+15
5.166933326451968000e+15
4.218783394929553500e+15
3.653573593072951500e+15
3.267855565963710000e+15
2.983130346911892000e+15
2.761842035412494000e+15
2.583466663225984000e+15
2.435715728715301000e+15
2.310722830631142500e+15
2.203187773122473250e+15
2.109391697464776750e+15
2.026637989000881500e+15
1.952917231806231500e+15
1.886697290681964750e+15
1.826786796536475750e+15
1.772243510024378500e+15
1.722311108817322500e+15
1.676374534209872750e+15
1.633927782981855000e+15
1.594550242604627250e+15
1.557889014602189500e+15
1.523645513948015750e+15
1.491565173455946000e+15
1.461429437229180750e+15
1.433049465032791000e+15
1.406261131643184500e+15
1.380921017706247000e+15
1.356903167840856500e+15
1.334096448287504000e+15
1.312402377321833250e+15
1.291733331612992000e+15
1.272011053887552250e+15
1.253165403852087250e+15
1.235133306859743500e+15
1.217857864357650500e+15
1.201287597493577500e+15
1.185375800948241000e+15
1.170079988499581000e+15
1.155361415315571250e+15
1.141184664734148250e+15
1.127517289488386500e+15
1.114329499097165375e+15
1.101593886561236625e+15
1.089285188654570000e+15
1.077380075037104250e+15
1.065856962181036250e+15
1.054695848732388375e+15
1.043878169449414750e+15
1.033386665290393625e+15
1.023205267582142125e+15
1.013318994500440750e+15
1.003713858345077500e+15
9.943767823039640000e+14
9.852955255796468750e+14
9.764586159031157500e+14
9.678552885887035000e+14
9.594754313937776250e+14
9.513095345409266250e+14
9.433486453409823750e+14
9.355843269245617500e+14
9.280086206496143750e+14
9.206140118041646250e+14
9.133933982682378750e+14
9.063400618378885000e+14
8.994476419481351250e+14
8.927101115611842500e+14
8.861217550121892500e+14
8.796771476274525000e+14
8.733711369498896250e+14
8.671988254240785000e+14
8.611555544086612500e+14
8.552368893974940000e+14
8.494386063430045000e+14
8.437566789859107500e+14
8.381872671049363750e+14
8.327267056086085000e+14
8.273714943987312500e+14
8.221182889418396250e+14
8.169638914909275000e+14
8.119052429051003750e+14
8.069394150196128750e+14
8.020636035230531250e+14
7.972751213023136250e+14
7.925713922194680000e+14
7.879499452878143750e+14
7.834084092171745000e+14
7.789445073010947500e+14
7.745560526209096250e+14
7.702409435437141250e+14
7.659971594931982500e+14
7.618227569740078750e+14
7.577158658318652500e+14
7.536746857331042500e+14
7.496974828485645000e+14
7.457825867279730000e+14
7.419283873520158750e+14
7.381333323502811250e+14
7.343959243741577500e+14
7.307147186145903750e+14
7.270883204553448750e+14
7.235153832531286250e+14
7.199946062365388750e+14
7.165247325163955000e+14
7.131045472005456250e+14
7.097328756067180000e+14
7.064085815674591250e+14
7.031305658215922500e+14
6.998977644870320000e+14
6.967091476101317500e+14
6.935637177870758750e+14
6.904605088531235000e+14
6.873985846357933750e+14
6.843770377683352500e+14
6.813949885600733750e+14
6.784515839204282500e+14
6.755459963336272500e+14
6.726774228813073750e+14
6.698450843103872500e+14
6.670482241437520000e+14
6.642861078314457500e+14
6.615580219402093750e+14
6.588632733793332500e+14
6.562011886609166250e+14
6.535711131927420000e+14
6.509724106020771250e+14
6.484044620888207500e+14
6.458666658064960000e+14
6.433584362696892500e+14
6.408792037866057500e+14
6.384284139154965000e+14
6.360055269437761250e+14
6.336100173887233750e+14
6.312413735187127500e+14
6.288990968939882500e+14
6.265827019260436250e+14
6.242917154547235000e+14
6.220256763422113750e+14
6.197841350831105000e+14
6.175666534298717500e+14
6.153728040328581250e+14
6.132021700943748750e+14
6.110543450360307500e+14
6.089289321788252500e+14
6.068255444353922500e+14
6.047438040138573750e+14
6.026833421327933750e+14
6.006437987467887500e+14
5.986248222821610000e+14
5.966260693823783750e+14
5.946472046627688750e+14
5.926879004741205000e+14
5.907478366747927500e+14
5.888267004109808750e+14
5.869241859047896250e+14
5.850399942497905000e+14
5.831738332137536250e+14
5.813254170482562500e+14
5.794944663048883750e+14
5.776807076577856250e+14
5.758838737322348750e+14
5.741037029391075000e+14
5.723399393148876250e+14
5.705923323670741250e+14
5.688606369247428750e+14
5.671446129940693750e+14
5.654440256186145000e+14
5.637586447441932500e+14
5.620882450881464375e+14
5.604326060128486875e+14
5.587915114032909375e+14
5.571647495485826875e+14
5.555521130272274375e+14
5.539533985960298750e+14
5.523684070824988125e+14
5.507969432806183125e+14
5.492388158498615625e+14
5.476938372173295000e+14
5.461618234829010625e+14
5.446425943272850000e+14
5.431359729228702500e+14
5.416417858472739375e+14
5.401598629994905000e+14
5.386900375185521250e+14
5.372321457046091250e+14
5.357860269423481250e+14
5.343515236266656250e+14
5.329284810905181250e+14
5.315167475348757500e+14
5.301161739607053125e+14
5.287266141029151250e+14
5.273479243661941875e+14
5.259799637626824375e+14
5.246225938514099375e+14
5.232756786794470000e+14
5.219390847247073750e+14
5.206126808403504375e+14
5.192963382007298750e+14
5.179899302488378750e+14
5.166933326451968125e+14
5.154064232181505625e+14
5.141290819155118750e+14
5.128611907575203125e+14
5.116026337910710625e+14
5.103532970451724375e+14
5.091130684875947500e+14
5.078818379826718750e+14
5.066594972502203750e+14
5.054459398255409375e+14
5.042410610204682500e+14
5.030447578854379375e+14
5.018569291725387500e+14
5.006774752995190000e+14
4.995062983147206875e+14
4.983433018629104375e+14
4.971883911519820000e+14
4.960414729205036875e+14
4.949024554060855000e+14
4.937712483145413750e+14
4.926477627898234375e+14
4.915319113847057500e+14
4.904236080321942500e+14
4.893227680176433750e+14
4.882293079515578750e+14
4.871431457430601875e+14
4.860642005740043750e+14
4.849923928737175625e+14
4.839276442943517500e+14
4.828698776868283750e+14
4.818190170773578750e+14
4.807749876445203750e+14
4.797377156968888125e+14
4.787071286511818750e+14
4.776831550109303750e+14
4.766657243456439375e+14
4.756547672704633125e+14
4.746502154262856875e+14
4.736520014603495000e+14
4.726600590072670000e+14
4.716743226704911875e+14
4.706947280042068750e+14
4.697212114956334375e+14
4.687537105477281875e+14
4.677921634622808750e+14
4.668365094233871250e+14
4.658866884812926250e+14
4.649426415365967500e+14
4.640043103248071875e+14
4.630716374012360625e+14
4.621445661262285000e+14
4.612230406507155000e+14
4.603070059020823125e+14
4.593964075703438750e+14
4.584911920946207500e+14
4.575913066499063125e+14
4.566966991341189375e+14
4.558073181554313750e+14
4.549231130198705000e+14
4.540440337191807500e+14
4.531700309189442500e+14
4.523010559469521250e+14
4.514370607818195625e+14
4.505779980418391250e+14
4.497238209740675625e+14
4.488744834436375625e+14
4.480299399232925625e+14
4.471901454831361250e+14
4.463550557805921250e+14
4.455246270505707500e+14
4.446988160958346875e+14
4.438775802775611250e+14
4.430608775060946250e+14
4.422486662318866875e+14
4.414409054366175625e+14
4.406375546244946875e+14
4.398385738137262500e+14
4.390439235281631875e+14
4.382535647891066250e+14
4.374674591072778125e+14
4.366855684749448125e+14
4.359078553582044375e+14
4.351342826894143750e+14
4.343648138597722500e+14
4.335994127120392500e+14
4.328380435334035625e+14
4.320806710484816875e+14
4.313272604124540000e+14
4.305777772043306250e+14
4.298321874203472500e+14
4.290904574674845000e+14
4.283525541571112500e+14
4.276184446987470000e+14
4.268880966939416250e+14
4.261614781302703125e+14
4.254385573754392500e+14
4.247193031715022500e+14
4.240036846291840000e+14
4.232916712223079375e+14
4.225832327823271875e+14
4.218783394929553750e+14
4.211769618848962500e+14
4.204790708306686875e+14
4.197846375395262500e+14
4.190936335524681875e+14
4.184060307373413125e+14
4.177218012840290000e+14
4.170409176997271875e+14
4.163633528043042500e+14
4.156890797257443125e+14
4.150180718956705625e+14
4.143503030449482500e+14
4.136857471993656250e+14
4.130243786753896250e+14
4.123661720759978125e+14
4.117111022865811875e+14
4.110591444709198125e+14
4.104102740672276250e+14
4.097644667842658125e+14
4.091216985975235000e+14
4.084819457454637500e+14
4.078451847258341875e+14
4.072113922920407500e+14
4.065805454495830625e+14
4.059526214525501875e+14
4.053275978001763750e+14
4.047054522334541250e+14
4.040861627318051875e+14
4.034697075098064375e+14
4.028560650139712500e+14
4.022452139195842500e+14
4.016371331275889375e+14
4.010318017615265625e+14
4.004291991645258750e+14
3.998293048963422500e+14
3.992320987304457500e+14
3.986375606511568125e+14
3.980456708508283750e+14
3.974564097270744375e+14
3.968697578800430625e+14
3.962856961097340000e+14
